cameraMatrix : [2037.269956541011, 0, 622.2713891163705;
 0, 2062.041681858607, 631.3442078238411;
 0, 0, 1]
distCoeffs : [-0.06064996705896638, 0.3335274358682769, 0.002739587893503437, -0.0008441030650606829, -0.06857688421784817]
Rotation vector : [-0.02241922447295479, 0.03010236317733285, 0.01106130203738625;
 -0.3615746061436264, 0.04742407199617781, -0.08622490605293925;
 -0.4848803371936896, -0.6340889415948132, -1.546847462710432;
 -0.8080888066884703, 0.6355701013403594, 1.347776841164088;
 -0.9806670698772236, 0.359253778194334, 0.8653877703384009;
 -1.020069939604679, 0.1877581907047761, 0.4598049889997622;
 -1.09027053928468, 0.1898905551432182, 0.1412255436348542;
 -0.8606093554770174, -0.05628510751740923, -0.2581581002157776;
 -0.359472995014549, 0.1363809868107817, 0.09266609952403318;
 -0.4310688944323964, 0.06136512337990427, -0.5898809762551525;
 -0.3225046124514435, -0.2276861707284661, -1.491398465580852;
 -0.5781536032410752, 0.003774576665755048, -0.4100803975839872;
 -0.887391661718873, 0.04773160571005751, -0.2715762612470554;
 -0.4295346880472266, -0.3616891766680131, -1.507119290079737;
 -0.484878983709451, 0.2218405976650736, 0.6408346243823276;
 -0.5352251420495266, -0.1151721442055558, 0.1022282505708685;
 -0.5008603731425971, 0.01612095512179294, 0.1103999204771894;
 -0.4141284287712669, -0.3372570731832639, -0.8307236774809635;
 -0.4286281722496788, -0.4243174759060721, -1.242307953983826]
Translation vector : [-2.684657862908891, -5.444580714487218, 26.4841703123657;
 -3.855025221466504, -5.424519975302383, 27.92563592589232;
 -3.566516782379752, 0.5879382814872617, 21.45672542830959;
 4.057039555122055, -4.5562441002538, 31.88298488452542;
 -0.3575761936151738, -4.084038746112036, 35.06586267037881;
 0.9179653096646938, -4.505719747675119, 32.97524592598521;
 0.2347850986466485, -2.60864134354247, 35.25972259000611;
 -1.762649820139731, -5.495621928283891, 28.00725701562721;
 -3.272100467150643, -6.230594755934463, 34.53265962752147;
 -2.566394092555352, -2.167318321157835, 33.91359816417361;
 -6.272621001371938, 0.6050210429203973, 28.31362025856604;
 -3.600928991974678, -4.487422569742879, 26.96790506714762;
 -3.916696621828699, -3.78485055479661, 25.56840687974495;
 -4.082143363348839, 0.8847553031925669, 19.3232585657083;
 0.2249393205782085, -5.363955202044691, 31.56253689051442;
 -5.791678867653535, -5.176027337167815, 28.60640070617521;
 -2.611318821628673, -5.977587670378058, 28.75906094766015;
 -4.552874738749463, -3.025821327138771, 24.16116728391796;
 -4.439991739266429, -1.866363600312935, 23.26156427219914]

