cameraMatrix : [2149.398738741313, 0, 630.8116709129316;
 0, 2173.036926782579, 508.2915674836098;
 0, 0, 1]
distCoeffs : [0.07598515058037726, -5.203545554688566, 0.002682535363310819, -0.001778044841669727, 57.25786468650683]
Rotation vector : [-0.5928172045376799, 0.5259211966254929, 1.462063061968857;
 -0.5943003306054315, 0.5303572092884993, 1.463459190869521;
 0.592298395007008, -0.5405028320589468, 1.401220360716662;
 0.5878302448523042, -0.531886037397754, 1.40004286807679;
 0.7965662520466699, -0.7482698407731866, 1.323011154760402;
 0.7962333527004397, -0.7486163814770065, 1.323518937964523;
 -0.8784772405642267, -0.9948744995585228, -1.380823437482256;
 -0.01432256407608084, -0.07670123277209036, 0.09070704294360862;
 -0.003853944278905735, -0.07953879649691104, 0.1065196023298042;
 -0.2383458677554115, -0.4889576849351732, -0.03931172434106759;
 -0.2174477714788332, -0.4961811219671727, -0.05218592702370715]
Translation vector : [3.908252627250835, -2.469996765571242, 26.59551343622975;
 3.937245038007001, -2.332884696829916, 26.61394478554957;
 3.703542330004062, -2.482138098822747, 19.92679485632036;
 3.643139075175555, -2.169740873286598, 20.07834826847282;
 4.468526338826083, -2.000857537985218, 21.39888400192416;
 4.405777791932745, -2.039690040375824, 21.4473641269852;
 -4.653071961217933, 0.7260361071910483, 19.89599260801605;
 -2.528508800810135, -4.894128111627389, 26.77086750440921;
 -2.231587443438665, -5.132894818435682, 26.61791373226457;
 -2.397286347539497, -4.170632855190489, 27.17103042298418;
 -2.744393364872664, -4.978490004258241, 26.54394553744928]

