Camera matrix : 

[[994.04838   0.      293.93425]
 [  0.      983.61134 317.37131]
 [  0.        0.        1.     ]]
dist : 

[[ 0.00355 -2.00344 -0.00294 -0.00359 12.2672 ]]
rvecs : 

[array([[ 0.37162],
       [ 0.45102],
       [-1.61456]]), array([[ 0.17642],
       [-0.15486],
       [-1.62591]]), array([[-0.3913 ],
       [-0.2998 ],
       [-1.50434]]), array([[ 0.05293],
       [-0.44498],
       [-1.53962]]), array([[ 0.34055],
       [ 0.37158],
       [-1.62309]]), array([[ 0.17549],
       [-0.02797],
       [-1.65695]]), array([[ 0.1426 ],
       [-0.08908],
       [-1.64919]]), array([[-0.33016],
       [-0.05761],
       [-1.60165]]), array([[-0.43833],
       [ 0.23887],
       [-1.56564]]), array([[-0.17471],
       [-0.10791],
       [-1.55829]]), array([[-0.03723],
       [-0.08369],
       [-1.62182]]), array([[ 0.29573],
       [-0.36266],
       [-1.59353]]), array([[ 0.09121],
       [-0.04838],
       [-1.66196]]), array([[-0.69121],
       [ 0.6746 ],
       [-1.46235]]), array([[ 0.0658 ],
       [-0.18046],
       [-1.77612]]), array([[ 0.11785],
       [ 0.16565],
       [-1.63869]]), array([[-0.24292],
       [ 0.5641 ],
       [-1.3433 ]]), array([[ 0.02573],
       [ 0.1215 ],
       [-1.6967 ]]), array([[ 0.48633],
       [-0.53042],
       [-1.56495]]), array([[ 0.04883],
       [ 0.11131],
       [-1.65844]]), array([[-0.19186],
       [-0.00185],
       [-1.53004]])]
tvecs : 

[array([[ -2.66754],
       [-87.01895],
       [825.56033]]), array([[ 37.35003],
       [-70.51483],
       [891.46651]]), array([[ 19.32439],
       [-76.72257],
       [846.13582]]), array([[  2.27274],
       [-28.82914],
       [710.56525]]), array([[-26.87713],
       [-31.90775],
       [822.3938 ]]), array([[-259.54132],
       [-158.40427],
       [1181.78093]]), array([[-92.53127],
       [-29.18759],
       [857.66725]]), array([[-92.72682],
       [  4.27345],
       [787.16544]]), array([[-35.65887],
       [ 78.82539],
       [810.88456]]), array([[-162.01973],
       [ -51.82344],
       [ 795.7338 ]]), array([[-247.33678],
       [  41.32302],
       [ 936.9298 ]]), array([[ 98.98288],
       [-32.18564],
       [775.0335 ]]), array([[-34.28457],
       [-40.45066],
       [907.52405]]), array([[  3.25313],
       [ -4.05984],
       [937.94562]]), array([[-284.47478],
       [ 136.63956],
       [1174.89706]]), array([[-88.42895],
       [ -8.34912],
       [459.52241]]), array([[-185.64908],
       [ -25.49198],
       [ 791.22189]]), array([[ 119.31449],
       [-210.99958],
       [1187.19858]]), array([[-167.4598 ],
       [ -20.53388],
       [ 751.80825]]), array([[-53.98835],
       [ 92.19617],
       [536.70512]]), array([[ 212.16767],
       [ 177.73233],
       [1115.66299]])]
