cameraMatrix : [2082.375442362139, 0, 593.5048651101249;
 0, 2104.836563830438, 560.7595695330034;
 0, 0, 1]
distCoeffs : [-0.01106433971492507, -2.138295206151652, 0.005371540669007034, -0.001804155139176244, 28.83014861596617]
Rotation vector : [-0.01933846959190251, 0.02119381821016929, -0.04097455189684184;
 0.03397468415566006, 0.3768618184622341, -0.2036165355819008;
 -0.7331344638323433, -0.5549503379099168, -1.26167999024051;
 -0.556676976075525, 0.541069745966625, 1.237094189450233;
 0.1294231347257073, -0.09182211610713724, 0.08941974487433442;
 -0.6690170140586634, 0.08479296672563019, -0.03177230555240743;
 -0.6398635699246129, 0.1213792498116604, -0.3206655309346952;
 -0.7225497840031958, 0.05405035017997563, -0.6472489276943971;
 -1.06990033502777, -0.09512194565282897, -0.6907161633169104;
 -1.080242214313435, 0.178105389904164, -0.03739965322673961;
 -0.9001774719985106, 0.5041416228612288, 0.6590724704520765;
 -0.03849138440960276, 0.6936513876314642, 0.006833256166868825;
 -0.05122761385102792, 1.143927417867301, -0.01313133816031024;
 -0.9346164873678038, 0.1278167239660087, 0.008096082930453451;
 -0.9527931445515357, -0.2094713173830375, -0.4512002102121744;
 -0.1740688175885241, 0.6265064961402834, 1.637959565797653;
 -0.5492241624160014, 0.3457310388827007, 0.8107410901826921;
 -0.5158280470168831, -0.05314725768916653, -0.02631496911575611]
Translation vector : [-2.560347398514059, -4.478398801708924, 30.76887327745631;
 -2.113687955616062, -4.833938750050672, 31.80165292234451;
 -3.295951976219919, 0.09330155502416242, 21.82836261566371;
 4.071840394473373, -4.721369611390249, 26.37015469406091;
 -2.999801405899053, -5.195970785011106, 27.53167874498653;
 -2.692657818822313, -3.220881509801651, 25.62719111523333;
 -3.481212250900489, -3.925372973835918, 26.19306600475004;
 -4.101965023466939, -2.366651549724649, 24.77037326003055;
 -7.668319916316518, -1.681877605931158, 36.18170582356895;
 -5.004056883683021, -4.85328773576736, 49.67298220579286;
 0.6769018381308245, -4.949752373272097, 41.73773622504861;
 0.5767444421159016, -4.399322715435666, 30.00398052323233;
 -0.08489545073141649, -4.868689280395973, 30.69891601117641;
 -2.308956828550164, -3.122136538566648, 26.4549790775864;
 -4.897377191267311, -2.832971474223387, 23.31086509681851;
 5.937647423572543, -3.676061495556256, 26.26717292460196;
 1.327346286593382, -5.048706925825933, 26.99277145667446;
 -4.533815848511518, -4.917571763552655, 30.15634756808451]

