Camera matrix : 

[[1186.23671    0.       322.91781]
 [   0.      1176.6047   396.85471]
 [   0.         0.         1.     ]]
dist : 

[[-0.01728 -1.1979   0.0156  -0.00506  4.20624]]
rvecs : 

[array([[-0.05104],
       [-0.28012],
       [-1.6945 ]]), array([[-0.08408],
       [ 0.00903],
       [-1.60941]]), array([[ 0.40624],
       [ 0.36078],
       [-1.73614]]), array([[ 0.42552],
       [-0.56514],
       [-1.46441]]), array([[-0.75751],
       [ 0.53213],
       [-1.57006]]), array([[-0.23773],
       [-0.18818],
       [-1.6302 ]]), array([[ 0.38725],
       [ 0.10639],
       [-1.53269]]), array([[ 0.37023],
       [-0.76007],
       [-1.42661]]), array([[ 0.40771],
       [-0.41208],
       [-1.48868]]), array([[-0.16584],
       [ 0.08413],
       [-1.57821]]), array([[-0.0232 ],
       [-0.09284],
       [-1.77861]]), array([[-0.17818],
       [ 0.39122],
       [-1.54792]]), array([[ 0.28743],
       [-0.42589],
       [-1.58834]]), array([[-0.09756],
       [ 0.26854],
       [-1.5184 ]]), array([[-0.48947],
       [ 0.3123 ],
       [-1.53242]]), array([[ 0.63446],
       [ 0.20919],
       [-1.56405]]), array([[ 0.04327],
       [-0.33111],
       [-1.16961]]), array([[ 0.00561],
       [-0.11173],
       [-1.59468]]), array([[-0.52991],
       [ 0.4469 ],
       [-1.44943]]), array([[ 0.42886],
       [-0.57799],
       [-1.44494]]), array([[ 0.23853],
       [-0.57677],
       [-1.36506]])]
tvecs : 

[array([[-150.38005],
       [-171.08097],
       [ 995.96879]]), array([[ -44.45704],
       [-100.83162],
       [ 650.19041]]), array([[ 22.26018],
       [-37.15738],
       [676.88553]]), array([[-37.19779],
       [-94.99669],
       [950.0636 ]]), array([[ 155.15629],
       [ 146.46607],
       [1023.78941]]), array([[  62.41041],
       [-173.35222],
       [ 978.3862 ]]), array([[ 16.18988],
       [132.39578],
       [969.07162]]), array([[-143.76917],
       [  74.56661],
       [ 895.42549]]), array([[ 114.79616],
       [-181.80111],
       [ 949.59193]]), array([[ 10.68426],
       [-83.02609],
       [515.18531]]), array([[-219.56773],
       [ 204.22634],
       [1381.0202 ]]), array([[-218.02365],
       [-202.8428 ],
       [ 912.18427]]), array([[-98.67777],
       [114.3537 ],
       [885.43426]]), array([[ -53.53337],
       [-172.74717],
       [1052.11425]]), array([[ 118.21865],
       [  56.50184],
       [1012.48985]]), array([[ -87.65942],
       [-109.73954],
       [ 968.3466 ]]), array([[-91.41562],
       [-27.61894],
       [915.08264]]), array([[ -62.26754],
       [ -49.30929],
       [1004.66545]]), array([[  3.28027],
       [-41.00789],
       [520.88165]]), array([[-34.23064],
       [-90.52327],
       [934.90684]]), array([[ -52.75269],
       [-132.28529],
       [ 608.9748 ]])]
